FRAMES = 10
HIGH = 6.97154
LOW = 5.53178
AVG = 6.36068
